11111111111111111111111111111111111111111111111111111111111111111111111111111111111111111111111
10000000000000000000000000000000000000000000000000000000000000000000000000000000000000000000001
10000011111111111111111111111110001111111111111000000111111111111100111111111111111110000000001
10000010001000100010001000100010001000100010001000000100010001000100100010001000100010000000001
10000011511151115111511151115110001151115111511000000115111511151100115111511151115110000000001
10000000000000000000000000000000000000000000000000000000000000000000000000000000000000111110001
10000000000000000000000000000000000000000000000000000000000000000000000000000000000000401040001
10000000000000000000000000000000000000000000000000000000000000000000000000000000000000111110001
10000000000000000000000000000000000000000000000000000000000000000000000000000000000000401040001
10000000000000000000000000000000000000000000000000000000000000000000000000000000000000111110001
10000000000000000000000000000000000000000000000000000000000000000000000000000000000000401040001
10000111111111001111111110011111111100111111111001111111111111001111111110011111111100111110001
10000400010004004000100040040001000400400010004004000100010004004000100040040001000400401040001
10000111111111001111111110011111111100111111111001111115111111001111111110011111111100111110001
10000400010004004000100040040001000400400010004004000100010004004000100040040001000400401040001
10000111111111001111111110011111111100111111111001111115111111001111111110011111111100111110001
10000400010004004000100040040001000400400010004004000100010004004000100040040001000400401040001
10000111111111001111111110011111111100111111111001111115111111001111111110011111111100111110001
10000400010004004000100040040001000400400010004004000100010004004000100040040001000400401040001
10000111111111001111111110011111111100111111111001111115111111001111111110011111111100111110001
10000400010004004000100040040001000400400010004004000100010004004000100040040001000400401040001
10000111111111001111111110011111111100111111111001111115111111001111111110011111111100111110001
10000000000000000000000000000000000000000000000000000000000000000000000000000000000000000000001
10011511151115111511000001151115111511151115110000000151001515100000000151515151515151000000001
10010001000100010001000001000100010001000100010000000101001010100000000101010101010101000000001
10011111111111111111000001111111111111111111110000000111001111100000000111111111111111000000001
10000000000000000000000000000000000000000000000000000000000000000000000000000000000000000000001
11111111111111111111111111111111111111111111110000000111111111100000000000000000000000000000001
10000000000000000000000000000000000000000000000000000000000000100000000000000000000000000000001
10000000000000000000000000000000000000000000000000000000000000100000000000111111115111111110001
00000000000000000000000000000000000000000000000000000000000000100000000000100000000000000010001
00000000000000000000000000000000000000000000000000000000000000100000000000100000000000000010001
20000000000000000000000000000000000000000000000000000000000000100000030000100000000000000010001
00000000000000000000000000000000000000000000000000000000000000100000000000100000000000000010001
00000000000000000000000000000000000000000000000000000000000000100000000000100000000000000010001
10000000000000000000000000000000000000000000000000000000000000100000000000111111111111111110001
10000000000000000000000000000000000000000000000000000000000000100000000000000000000000000000001
11111111111111111111111111111111111111111111111111111111111111100000000000000000000000000000001
00000000000000000000000000000000000000000000000000000000000000100000000000000000000000000000001
00000000000000000000000000000000000000000000000000000000000000111111111111111111111111111111111