00000000000011111511111111111111111111111111111111111111111111111111111111111111111000000000000
00000000000010000000001000000000010000000000000000000000000001000000000010000000001000000000000
00000000000010000000001000000000010000000000000000000000000001000000000010000000001000000000000
00000000000010011111001000000000040000000000000000000000000004000000000010000000001000000000000
00000000000010010001001000000000010000000000000000000000000001000000000010000000001000000000000
00000000000010011511001000000000010000000000000000000000000001000000000011111511111000000000000
00000000000010000000001000000000011111111111555555511111111111000000000010000000001000000000000
00000000000010000000001111111111110000000000000000000000000001111111111110000000004000000000000
00000000000040000000000000000000000000000000000000000000000000000000000000000000004000000000000
00000000000010111000011100000000000000011111111111111111000000000000000111000011101000000000000
00000000000010101000010101110000000000010000000000000001000000000001110101000010101000000000000
00000000000010104000040101010000000000010000000000000001000000000001010104000040101000000000000
00000000000010111000011101040000000000010000000000000001000000000004010111000011101000000000000
00000000000010000000000001110000000000010000000000000001000000000001110000000000001000000000000
00000000000010111000011100000000000000010000000000000001000000000000000111000011101000000000000
00000000000010101000010101110000000000010000000000000001000000000001110101000010101000000000000
00000000000010104000040101010000000000010000000000000001000000000001010104000040101000000000000
00000000000010111000011101040000000000010000000000000001000000000004010111000011101000000000000
00000000000010000000000001110000000000010000000300000001000000000001110000000000001000000000000
00000000000010111000011100000000000000010000000000000001000000000000000111000011101000000000000
00000000000010101000010101110000000000010000000000000001000000000001110101000010101000000000000
00000000000010104000040101010000000000010000000000000001000000000001010104000040101000000000000
00000000000010111000011101040000000000010000000000000001000000000004010111000011101000000000000
00000000000010000000000001110000000000010000000000000001000000000001110000000000001000000000000
00000000000010111000011100000000000000010000000000000001000000000000000111000011101000000000000
00000000000010101000010101111000000000015555555555555551000000000011110101000010101000000000000
00000000000010104000040101001000000000000000000000000000000000000010010104000040101000000000000
00000000000010111000011101511000000000000000000000000000000000000011510111000011101000000000000
00000000000010000000000000000000000000000000000000000000000000000000000000000000001000000000000
00000000000010001151011510115101151011510115100000115101151011510115101151011510001000000000000
00000000000010001001010010100101001010010100100000100101001010010100101001010010004000000000000
00000000000040001111011110111101111011110111100000111101111011110111101111011110004000000000000
00000000000010000000000000000000000000000000000000000000000000000000000000000000001000000000000
00000000000011111111111111111111111111111111100000111111111111111111111111111111111000000000000
00000000000010000000000000000000000000000000100000100000000000000000000000000000001000000000000
00000000000010000000000000000000000000000000100000100000000000000000000000000000001000000000000
00000000000010000000000000000000000000000000100000100000000000000000000000000000001000000000000
00000000000010000000000000000000000000000000100000400000000000000000000000000000001000000000000
00000000000010000000000000000000000000000000100000100000000000000000000000000000001000000000000
00000000000011111111111111111111111111111111155255111111111111111111111111111111111000000000000